0000000000000000000000000000000000000000000000000000000000000000000000000000000000000000000000000
0000000000000000000000000000000000000000000000000000000000000000000000000000000000000000000000000
0000000000000000000000000000000000000000000000000000000000000000000000000000000000000000000000000
0000000000000000000000000000000000000000000000000000000000000000000000000000000000000000000000000
0000000000000000000000000000000000000000000000000000000000000000000000000000000000000000000000000
0000000000000000000000000000000000000000000000000000000000000000000000000000000000000000000000000
0000000000000000001111111111111111111100000000000000000000000000000000000000000000000000000000000
0000000000000000001000000000000000000100000000000000000000000000000000000000000000000000000000000
0000000000000000001000000000000000000100000000000000000000000000000000000000000000000000000000000
0000000000000000001000000000000000000333333000333000000000000000000000000000000000000000000000000
0000000000000011111000000000000100000000000000000000000000000000000000000000000000000000000000000
0000000000000150000000000000000000000000000000000000000000000000000000000000000000000000000000000
0000000000000011111100011111333333311111111111000000000000000000000000000000000000000000000000000
0000000000000000000100010000111111100000000000000000000000000000000000000000000000000000000000000
0000000000000000000166610000000000000000000000000000000000000000000000000000000000000000000000000
0000000000000000000100010000000000000000000000000000000000000000000000000000000000000000000000000
0000000000000000000100010000000000000000000000000000000000000000000000000000000000000000000000000
0000000000000000000100010000000000000000000000000000000000000000000000000000000000000000000000000
0000000000000000000000000000000000000000000000000000000000000000000000000000000000000000000000000
0000000000000000000000000000010000000000000000000000000000000000000000000000000000000000000000000
0000000000000000001111111122220000000000000000000000000000000000000000000000000000000000000000000
0000000000000000000000000000002000000000000000000000000000000000000000000000000000000000000000000
0000000000000000000000000000000200000000000000000000000000000000000000000000000000000000000000000
0000000000000000000000000000000020000000000000000000000000000000000000000000000000000000000000000
0000000000000000000000000000000002222222144410000000000000000000000000000000000000000000000000000
0000000000000000000000000000000000000000011100000000000000000000000000000000000000000000000000000
0000000000000000000000000000000000000000000000000000000000000000000000000000000000000000000000000
0000000000000000000000000000000000000000000000000000000000000000000000000000000000000000000000000
0000000000000000000000000000000000000000000000000000000000000000000000000000000000000000000000000
0000000000000000000000000000000000000000000000000000000000000000000000000000000000000000000000000
0000000000000000000000000000000000000000000000000000000000000000000000000000000000000000000000000